-0.489
-0.473
-0.458
-0.442
-0.426
-0.41
-0.394
-0.378
-0.362
-0.346
-0.33
-0.313
-0.297
-0.281
-0.264
-0.248
-0.232
-0.215
-0.199
-0.182
-0.165
-0.149
-0.132
-0.115
-0.0985
-0.0818
-0.0649
-0.0481
-0.0312
-0.0143
0.00259
0.0195
0.0365
0.0535
0.0705
0.0875
0.105
0.122
0.139
0.156
0.173
0.19
0.207
0.224
0.241
0.258
0.275
0.293
0.31
0.327
0.344
0.361
0.378
0.395
0.412
0.429
0.446
0.463
0.48
0.497
0.514
0.531
0.548
0.565
0.582
0.599
0.615
0.632
0.649
0.666
0.682
0.699
0.716
0.732
0.749
0.765
0.781
0.798
0.814
0.83
0.847
0.863
0.879
0.895
0.911
0.927
0.943
0.958
0.974
0.99
1.01
1.02
1.04
1.05
1.07
1.08
1.1
1.11
1.13
1.14
1.16
1.17
1.19
1.2
1.22
1.23
1.24
1.26
1.27
1.29
1.3
1.31
1.33
1.34
1.35
1.37
1.38
1.39
1.41
1.42
1.43
1.45
1.46
1.47
1.48
1.5
1.51
1.52
1.53
1.54
1.56
1.57
1.58
1.59
1.6
1.61
1.62
1.63
1.64
1.65
1.66
1.67
1.68
1.69
1.7
1.71
1.72
1.73
1.74
1.75
1.76
1.77
1.78
1.78
1.79
1.8
1.81
1.82
1.82
1.83
1.84
1.85
1.85
1.86
1.87
1.87
1.88
1.89
1.89
1.9
1.9
1.91
1.91
1.92
1.92
1.93
1.93
1.94
1.94
1.95
1.95
1.95
1.96
1.96
1.96
1.97
1.97
1.97
1.98
1.98
1.98
1.98
1.98
1.99
1.99
1.99
1.99
1.99
1.99
1.99
1.99
1.99
1.99
1.99
1.99
1.99
1.99
1.99
1.99
1.99
1.99
1.98
1.98
1.98
1.98
1.98
1.97
1.97
1.97
1.96
1.96
1.96
1.95
1.95
1.95
1.94
1.94
1.93
1.93
1.92
1.92
1.91
1.91
1.9
1.9
1.89
1.88
1.88
1.87
1.86
1.86
1.85
1.84
1.84
1.83
1.82
1.81
1.8
1.8
1.79
1.78
1.77
1.76
1.75
1.74
1.73
1.72
1.71
1.7
1.69
1.68
1.67
1.66
1.65
1.64
1.63
1.62
1.61
1.59
1.58
1.57
1.56
1.55
1.53
1.52
1.51
1.49
1.48
1.47
1.46
1.44
1.43
1.41
1.4
1.39
1.37
1.36
1.34
1.33
1.31
1.3
1.28
1.27
1.25
1.24
1.22
1.21
1.19
1.18
1.16
1.14
1.13
1.11
1.09
1.08
1.06
1.04
1.03
1.01
0.993
0.976
0.959
0.941
0.923
0.906
0.888
0.87
0.852
0.834
0.816
0.798
0.779
0.761
0.742
0.724
0.705
0.686
0.668
0.649
0.63
0.611
0.591
0.572
0.553
0.534
0.514
0.495
0.475
0.455
0.436
0.416
0.396
0.376
0.356
0.337
0.317
0.297
0.276
0.256
0.236
0.216
0.196
0.175
0.155
0.135
0.114
0.0939
0.0734
0.053
0.0325
0.012
-0.00855
-0.0291
-0.0497
-0.0702
-0.0908
-0.111
-0.132
-0.153
-0.173
-0.194
-0.215
-0.235
-0.256
-0.276
-0.297
-0.318
-0.338
-0.359
-0.379
-0.4
-0.42
-0.441
-0.461
-0.482
-0.502
-0.523
-0.543
-0.564
-0.584
-0.604
-0.624
-0.645
-0.665
-0.685
-0.705
-0.725
-0.745
-0.765
-0.785
-0.805
-0.824
-0.844
-0.864
-0.883
-0.903
-0.922
-0.942
-0.961
-0.981
-1
-1.02
-1.04
-1.06
-1.08
-1.09
-1.11
-1.13
-1.15
-1.17
-1.19
-1.21
-1.22
-1.24
-1.26
-1.28
-1.3
-1.31
-1.33
-1.35
-1.37
-1.38
-1.4
-1.42
-1.43
-1.45
-1.47
-1.48
-1.5
-1.52
-1.53
-1.55
-1.57
-1.58
-1.6
-1.61
-1.63
-1.64
-1.66
-1.67
-1.69
-1.7
-1.72
-1.73
-1.75
-1.76
-1.78
-1.79
-1.8
-1.82
-1.83
-1.84
-1.86
-1.87
-1.88
-1.9
-1.91
-1.92
-1.93
-1.94
-1.96
-1.97
-1.98
-1.99
-2
-2.01
-2.02
-2.03
-2.05
-2.06
-2.07
-2.08
-2.09
-2.1
-2.1
-2.11
-2.12
-2.13
-2.14
-2.15
-2.16
-2.17
-2.17
-2.18
-2.19
-2.2
-2.2
-2.21
-2.22
-2.22
-2.23
-2.24
-2.24
-2.25
-2.25
-2.26
-2.27
-2.27
-2.28
-2.28
-2.28
-2.29
-2.29
-2.3
-2.3
-2.3
-2.31
-2.31
-2.31
-2.32
-2.32
-2.32
-2.32
-2.32
-2.33
-2.33
-2.33
-2.33
-2.33
-2.33
-2.33
-2.33
-2.33
-2.33
-2.33
-2.33
-2.33
-2.33
-2.33
-2.32
-2.32
-2.32
-2.32
-2.32
-2.31
-2.31
-2.31
-2.3
-2.3
-2.3
-2.29
-2.29
-2.28
-2.28
-2.28
-2.27
-2.27
-2.26
-2.25
-2.25
-2.24
-2.24
-2.23
-2.22
-2.22
-2.21
-2.2
-2.2
-2.19
-2.18
-2.17
-2.16
-2.16
-2.15
-2.14
-2.13
-2.12
-2.11
-2.1
-2.09
-2.08
-2.07
-2.06
-2.05
-2.04
-2.03
-2.02
-2.01
-1.99
-1.98
-1.97
-1.96
-1.95
-1.93
-1.92
-1.91
-1.9
-1.88
-1.87
-1.86
-1.84
-1.83
-1.81
-1.8
-1.78
-1.77
-1.76
-1.74
-1.73
-1.71
-1.69
-1.68
-1.66
-1.65
-1.63
-1.61
-1.6
-1.58
-1.56
-1.55
-1.53
-1.51
-1.5
-1.48
-1.46
-1.44
-1.43
-1.41
-1.39
-1.37
-1.35
-1.33
-1.32
-1.3
-1.28
-1.26
-1.24
-1.22
-1.2
-1.18
-1.16
-1.14
-1.12
-1.1
-1.08
-1.06
-1.04
-1.02
-0.998
-0.977
-0.956
-0.935
-0.914
-0.892
-0.871
-0.85
-0.828
-0.806
-0.785
-0.763
-0.741
-0.719
-0.697
-0.675
-0.653
-0.63
-0.608
-0.586
-0.563
-0.54
-0.518
-0.495
-0.472
-0.449
-0.427
-0.404
-0.381
-0.358
-0.334
-0.311
-0.288
-0.265
-0.241
-0.218
-0.195
-0.171
-0.148
-0.124
-0.101
-0.0772
-0.0537
-0.0301
-0.00643
0.0172
0.0409
0.0646
0.0883
0.112
0.136
0.159
0.183
0.207
0.231
0.254
0.278
0.302
0.326
0.349
0.373
0.397
0.42
0.444
0.468
0.491
0.515
0.538
0.562
0.585
0.609
0.632
0.656
0.679
0.702
0.726
0.749
0.772
0.795
0.818
0.841
0.864
0.887
0.91
0.933
0.956
0.978
1
1.02
1.05
1.07
1.09
1.11
1.13
1.16
1.18
1.2
1.22
1.24
1.27
1.29
1.31
1.33
1.35
1.37
1.39
1.41
1.43
1.46
1.48
1.5
1.52
1.54
1.56
1.58
1.6
1.62
1.64
1.66
1.67
1.69
1.71
1.73
1.75
1.77
1.79
1.81
1.82
1.84
1.86
1.88
1.9
1.91
1.93
1.95
1.96
1.98
2
2.01
2.03
2.05
2.06
2.08
2.09
2.11
2.12
2.14
2.15
2.17
2.18
2.2
2.21
2.23
2.24
2.25
2.27
2.28
2.29
2.31
2.32
2.33
2.34
2.35
2.37
2.38
2.39
2.4
2.41
2.42
2.43
2.44
2.45
2.46
2.47
2.48
2.49
2.5
2.51
2.52
2.53
2.54
2.54
2.55
2.56
2.57
2.57
2.58
2.59
2.59
2.6
2.6
2.61
2.62
2.62
2.63
2.63
2.64
2.64
2.64
2.65
2.65
2.65
2.66
2.66
2.66
2.67
2.67
2.67
2.67
2.67
2.67
2.67
2.68
2.68
2.68
2.68
2.68
2.68
2.67
2.67
2.67
2.67
2.67
2.67
2.67
2.66
2.66
2.66
2.65
2.65
2.65
2.64
2.64
2.63
2.63
2.63
2.62
2.61
2.61
2.6
2.6
2.59
2.58
2.58
2.57
2.56
2.56
2.55
2.54
2.53
2.52
2.52
2.51
2.5
2.49
2.48
2.47
2.46
2.45
2.44
2.43
2.42
2.4
2.39
2.38
2.37
2.36
2.34
2.33
2.32
2.31
2.29
2.28
2.27
2.25
2.24
2.22
2.21
2.19
2.18
2.16
2.15
2.13
2.12
2.1
2.09
2.07
2.05
2.04
2.02
2
1.98
1.97
1.95
1.93
1.91
1.89
1.88
1.86
1.84
1.82
1.8
1.78
1.76
1.74
1.72
1.7
1.68
1.66
1.64
1.62
1.6
1.58
1.56
1.53
1.51
1.49
1.47
1.45
1.43
1.4
1.38
1.36
1.33
1.31
1.29
1.27
1.24
1.22
1.2
1.17
1.15
1.12
1.1
1.08
1.05
1.03
1
0.978
0.953
0.928
0.903
0.878
0.853
0.828
0.803
0.777
0.752
0.726
0.7
0.674
0.649
0.623
0.597
0.571
0.544
0.518
0.492
0.465
0.439
0.413
0.386
0.359
0.333
0.306
0.279
0.253
0.226
0.199
0.172
0.145
0.118
0.0909
0.0639
0.0368
0.00973
-0.0174
-0.0445
-0.0717
-0.0988
-0.126
-0.153
-0.18
-0.208
-0.235
-0.262
-0.289
-0.316
-0.344
-0.371
-0.398
-0.425
-0.452
-0.479
-0.506
-0.533
-0.56
-0.587
-0.614
-0.641
-0.668
-0.695
-0.722
-0.748
-0.775
-0.802
-0.828
-0.855
-0.881
-0.908
-0.934
-0.96
-0.987
-1.01
-1.04
-1.06
-1.09
-1.12
-1.14
-1.17
-1.19
-1.22
-1.24
-1.27
-1.29
-1.32
-1.34
-1.37
-1.39
-1.42
-1.44
-1.47
-1.49
-1.52
-1.54
-1.56
-1.59
-1.61
-1.64
-1.66
-1.68
-1.71
-1.73
-1.75
-1.77
-1.8
-1.82
-1.84
-1.86
-1.89
-1.91
-1.93
-1.95
-1.97
-1.99
-2.01
-2.04
-2.06
-2.08
-2.1
-2.12
-2.14
-2.16
-2.18
-2.2
-2.22
-2.23
-2.25
-2.27
-2.29
-2.31
-2.33
-2.34
-2.36
-2.38
-2.4
-2.41
-2.43
-2.45
-2.46
-2.48
-2.5
-2.51
-2.53
-2.54
-2.56
-2.57
-2.59
-2.6
-2.62
-2.63
-2.64
-2.66
-2.67
-2.68
-2.7
-2.71
-2.72
-2.73
-2.75
-2.76
-2.77
-2.78
-2.79
-2.8
-2.81
-2.82
-2.83
-2.84
-2.85
-2.86
-2.87
-2.88
-2.89
-2.89
-2.9
-2.91
-2.92
-2.92
-2.93
-2.94
-2.94
-2.95
-2.96
-2.96
-2.97
-2.97
-2.98
-2.98
-2.98
-2.99
-2.99
-3
-3
-3
-3
-3.01
-3.01
-3.01
-3.01
-3.01
-3.01
-3.01
-3.01
-3.01
-3.01
-3.01
-3.01
-3.01
-3.01
-3.01
-3.01
-3.01
-3
-3
-3
-2.99
-2.99
-2.99
-2.98
-2.98
-2.97
-2.97
-2.96
-2.96
-2.95
-2.95
-2.94
-2.93
-2.93
-2.92
-2.91
-2.91
-2.9
-2.89
-2.88
-2.87
-2.86
-2.85
-2.85
-2.84
-2.83
-2.82
-2.8
-2.79
-2.78
-2.77
-2.76
-2.75
-2.74
-2.72
-2.71
-2.7
-2.69
-2.67
-2.66
-2.64
-2.63
-2.62
-2.6
-2.59
-2.57
-2.56
-2.54
-2.53
-2.51
-2.49
-2.48
-2.46
-2.44
-2.43
-2.41
-2.39
-2.37
-2.36
-2.34
-2.32
-2.3
-2.28
-2.26
-2.24
-2.22
-2.2
-2.18
-2.16
-2.14
-2.12
-2.1
-2.08
-2.06
-2.04
-2.02
-1.99
-1.97
-1.95
-1.93
-1.9
-1.88
-1.86
-1.84
-1.81
-1.79
-1.76
-1.74
-1.72
-1.69
-1.67
-1.64
-1.62
-1.59
-1.57
-1.54
-1.52
-1.49
-1.47
-1.44
-1.42
-1.39
-1.36
-1.34
-1.31
-1.29
-1.26
-1.23
-1.2
-1.18
-1.15
-1.12
-1.1
-1.07
-1.04
-1.01
-0.985
-0.957
-0.929
-0.901
-0.872
-0.844
-0.816
-0.787
-0.759
-0.73
-0.701
-0.672
-0.643
-0.614
-0.585
-0.556
-0.527
-0.498
-0.468
-0.439
-0.41
-0.38
-0.351
-0.321
-0.291
-0.262
-0.232
-0.202
-0.172
-0.143
-0.113
-0.083
-0.0531
-0.0232
0.00668
0.0366
0.0665
0.0965
0.126
0.156
0.186
0.216
0.246
0.276
0.306
0.336
0.366
0.396
0.426
0.456
0.485
0.515
0.545
0.575
0.604
0.634
0.664
0.693
0.723
0.752
0.782
0.811
0.84
0.87
0.899
0.928
0.957
0.986
1.01
1.04
1.07
1.1
1.13
1.16
1.19
1.21
1.24
1.27
1.3
1.33
1.36
1.38
1.41
1.44
1.47
1.49
1.52
1.55
1.57
1.6
1.63
1.65
1.68
1.71
1.73
1.76
1.78
1.81
1.84
1.86
1.89
1.91
1.94
1.96
1.99
2.01
2.03
2.06
2.08
2.11
2.13
2.15
2.18
2.2
2.22
2.24
2.27
2.29
2.31
2.33
2.36
2.38
2.4
2.42
2.44
2.46
2.48
2.5
2.52
2.54
2.56
2.58
2.6
2.62
2.64
2.66
2.67
2.69
2.71
2.73
2.75
2.76
2.78
2.8
2.81
2.83
2.85
2.86
2.88
2.89
2.91
2.92
2.94
2.95
2.96
2.98
2.99
3
3.02
3.03
3.04
3.05
3.07
3.08
3.09
3.1
3.11
3.12
3.13
3.14
3.15
3.16
3.17
3.18
3.19
3.2
3.21
3.21
3.22
3.23
3.24
3.24
3.25
3.25
3.26
3.27
3.27
3.28
3.28
3.29
3.29
3.29
3.3
3.3
3.3
3.31
3.31
3.31
3.31
3.31
3.32
3.32
3.32
3.32
3.32
3.32
3.32
3.32
3.31
3.31
3.31
3.31
3.31
3.3
3.3
3.3
3.29
3.29
3.29
3.28
3.28
3.27
3.27
3.26
3.26
3.25
3.24
3.24
3.23
3.22
3.22
3.21
3.2
3.19
3.18
3.17
3.16
3.15
3.14
3.13
3.12
3.11
3.1
3.09
3.08
3.07
3.05
3.04
3.03
3.02
3
2.99
2.97
2.96
2.95
2.93
2.92
2.9
2.89
2.87
2.85
2.84
2.82
2.8
2.79
2.77
2.75
2.73
2.72
2.7
2.68
2.66
2.64
2.62
2.6
2.58
2.56
2.54
2.52
2.5
2.48
2.46
2.43
2.41
2.39
2.37
2.34
2.32
2.3
2.27
2.25
2.23
2.2
2.18
2.15
2.13
2.11
2.08
2.05
2.03
2
1.98
1.95
1.93
1.9
1.87
1.85
1.82
1.79
1.76
1.74
1.71
1.68
1.65
1.62
1.59
1.57
1.54
1.51
1.48
1.45
1.42
1.39
1.36
1.33
1.3
1.27
1.24
1.21
1.18
1.15
1.12
1.09
1.05
1.02
0.992
0.96
0.929
0.897
0.865
0.833
0.801
0.769
0.737
0.704
0.672
0.639
0.607
0.574
0.541
0.508
0.476
0.443
0.41
0.376
0.343
0.31
0.277
0.244
0.21
0.177
0.143
0.11
0.0765
0.043
0.00942
-0.0241
-0.0577
-0.0913
-0.125
-0.159
-0.192
-0.226
-0.259
-0.293
-0.327
-0.36
-0.394
-0.427
-0.461
-0.494
-0.528
-0.561
-0.595
-0.628
-0.661
-0.695
-0.728
-0.761
-0.794
-0.827
-0.86
-0.893
-0.926
-0.959
-0.991
-1.02
-1.06
-1.09
-1.12
-1.15
-1.19
-1.22
-1.25
-1.28
-1.31
-1.35
-1.38
-1.41
-1.44
-1.47
-1.5
-1.53
-1.56
-1.59
-1.62
-1.65
-1.68
-1.71
-1.74
-1.77
-1.8
-1.83
-1.86
-1.89
-1.92
-1.95
-1.98
-2.01
-2.03
-2.06
-2.09
-2.12
-2.14
-2.17
-2.2
-2.23
-2.25
-2.28
-2.3
-2.33
-2.36
-2.38
-2.41
-2.43
-2.46
-2.48
-2.51
-2.53
-2.55
-2.58
-2.6
-2.63
-2.65
-2.67
-2.69
-2.72
-2.74
-2.76
-2.78
-2.8
-2.82
-2.85
-2.87
-2.89
-2.91
-2.93
-2.95
-2.97
-2.98
-3
-3.02
-3.04
-3.06
-3.08
-3.09
-3.11
-3.13
-3.14
-3.16
-3.18
-3.19
-3.21
-3.22
-3.24
-3.25
-3.27
-3.28
-3.3
-3.31
-3.32
-3.34
-3.35
-3.36
-3.38
-3.39
-3.4
-3.41
-3.42
-3.44
-3.45
-3.46
-3.47
-3.48
-3.49
-3.5
-3.51
-3.52
-3.52
-3.53
-3.54
-3.55
-3.56
-3.56
-3.57
-3.58
-3.59
-3.59
-3.6
-3.6
-3.61
-3.61
-3.62
-3.62
-3.63
-3.63
-3.64
-3.64
-3.64
-3.65
-3.65
-3.65
-3.65
-3.66
-3.66
-3.66
-3.66
-3.66
-3.66
-3.66
-3.66
-3.66
-3.66
-3.65
-3.65
-3.65
-3.65
-3.64
-3.64
-3.64
-3.63
-3.63
-3.62
-3.62
-3.61
-3.6
-3.6
-3.59
-3.58
-3.57
-3.56
-3.55
-3.54
-3.53
-3.52
-3.5
-3.49
-3.47
-3.46
-3.44
-3.43
-3.41
-3.39
-3.37
-3.35
-3.33
-3.31
