2.03
2.06
2.09
2.12
2.15
2.18
2.21
2.24
2.27
2.3
2.33
2.36
2.39
2.42
2.45
2.48
2.51
2.54
2.57
2.6
2.63
2.66
2.69
2.72
2.75
2.78
2.81
2.84
2.87
2.9
2.93
2.96
2.99
3.02
3.05
3.08
3.11
3.14
3.17
3.2
3.23
3.26
3.29
3.32
3.35
3.38
3.41
3.44
3.47
3.5
3.53
3.56
3.59
3.62
3.65
3.68
3.71
3.74
3.77
3.8
3.83
3.86
3.89
3.92
3.95
3.98
4.01
4.04
4.07
4.1
4.13
4.16
4.19
4.22
4.25
4.28
4.31
4.34
4.37
4.4
4.43
4.46
4.49
4.52
4.55
4.58
4.61
4.64
4.67
4.7
4.73
4.76
4.79
4.82
4.85
4.88
4.91
4.94
4.97
5
5.03
5.06
5.09
5.12
5.15
5.18
5.21
5.24
5.27
5.3
5.33
5.36
5.39
5.42
5.45
5.48
5.51
5.54
5.57
5.6
5.63
5.66
5.69
5.72
5.75
5.78
5.81
5.84
5.87
5.9
5.93
5.96
5.99
6.02
6.05
6.08
6.11
6.14
6.17
6.2
6.23
6.26
6.29
6.32
6.35
6.38
6.41
6.44
6.47
6.5
6.53
6.56
6.59
6.62
6.65
6.68
6.71
6.74
6.77
6.8
6.83
6.86
6.89
6.92
6.95
6.98
7.01
7.04
7.07
7.1
7.13
7.16
7.19
7.22
7.25
7.28
7.31
7.34
7.37
7.4
7.43
7.46
7.49
7.52
7.55
7.58
7.61
7.64
7.67
7.7
7.73
7.76
7.79
7.82
7.85
7.88
7.91
7.94
7.97
