-0.492
-0.295
-0.157
0.0177
0.162
0.339
0.484
0.657
0.799
0.963
1.1
1.25
1.36
1.49
1.59
1.7
1.78
1.86
1.91
1.96
1.98
2
1.99
1.97
1.93
1.88
1.81
1.73
1.63
1.52
1.39
1.25
1.1
0.944
0.775
0.599
0.417
0.228
0.0385
-0.157
-0.347
-0.542
-0.727
-0.916
-1.09
-1.27
-1.42
-1.58
-1.71
-1.85
-1.95
-2.06
-2.13
-2.2
-2.24
-2.28
-2.27
-2.28
-2.24
-2.2
-2.12
-2.05
-1.94
-1.84
-1.69
-1.55
-1.37
-1.21
-1.01
-0.827
-0.602
-0.408
-0.17
0.0315
0.275
0.478
0.72
0.916
1.15
1.33
1.55
1.71
1.91
2.04
2.21
2.31
2.44
2.5
2.6
2.62
2.68
2.66
2.67
2.61
2.58
2.47
2.4
2.25
2.15
1.96
1.82
1.6
1.43
1.18
0.99
0.718
0.512
0.226
0.013
-0.279
-0.492
-0.781
-0.985
-1.26
-1.45
-1.71
-1.88
-2.11
-2.24
-2.62
-2.74
-2.84
-2.92
-2.97
-3
-3
-2.98
-2.94
-2.87
-2.78
-2.66
-2.53
-2.37
-2.19
-1.99
-1.78
-1.54
-1.3
-1.04
-0.775
-0.5
-0.219
0.0647
0.35
0.634
0.915
1.19
1.46
1.71
1.96
2.19
2.4
2.59
2.77
2.92
3.05
3.16
3.24
3.3
3.32
3.33
3.3
3.25
3.17
3.06
2.93
2.78
2.6
2.4
2.18
1.94
1.68
1.41
1.12
0.827
0.523
0.213
-0.101
-0.415
-0.728
-1.04
-1.34
-1.63
-1.91
-2.18
-2.43
-2.66
-2.87
-3.06
-3.22
-3.36
-3.48
-3.56
-3.62
-3.65
-3.65
-3.62
-3.55
-3.46
